37479,
14509,
82569,
59881,
98603,
66507,
59881,
27817,
72703,
14509,
92949,
14509,
66507,
69911,
99056,
42458,
47915,
93803,
84871,
96422,
47124,
82390,
99056,
53444,
23936,
82946,
41783,
14095,
74690,
21288,
26819,
39775,
76328,
82454,
94319,
83730,
59852,
77096,
17199,
15719,
65310,
74690,
30210,
80237,
65184,
50426,
84871,
66507,
14509,
33983,
44752,
10299,
42064,
83730,
86049,
83869,
70500,
92868,
78067,
14548,
33404,
38505,
41434,
48399,
70500,
82399,
70530,
98302,
23781,
55622,
19840,
45113,
77538,
53407,
42942,
29013,
36914,
87772,
84871,
13096,
85660,
32964,
48399,
55468,
14548,
76245,
74395,
46446,
16858,
41159,
18828,
92868,
70428,
92949,
82495,
47114,
83869,
38353,
70500,
82399,
42458,
78087,
14820,
77538,
76134,
14509,
39775,
39775,
32109,
43967,
48399,
17959,
55333,
82946,
81158,
83730,
74876,
14509,
75811,
33983,
54288,
73260,
85561,
14509,
42458,
75811,
64001,
82390,
86786,
47323,
84871,
65236,
85450,
42458,
14548,
47323,
36776,
28761,
84871,
55148,
18834,
68429,
11637,
74802,
33983,
57385,
51559,
52521,
84085,
82399,
39775,
36776,
39775,
36018,
34981,
82399,
92868,
91887,
74876,
74749,
91384,
20713,
74690,
46571,
83922,
83869,
41547,
78087,
14660,
67868,
81367,
55031,
36776,
65184,
67188,
76134,
62053,
70500,
82454,
70972,
29675,
39775,
74553,
50610,
47924,
36675,
24720,
66507,
13653,
77303,
92949,
22983,
76134,
28690,
61409,
10533,
84736,
82946,
70226,
86398,
90480,
66507,
39775,
78834,
75369,
80789,
58282,
20601,
75811,
44168,
83730,
18102,
88583,
50418,
77538,
92949,
59881,
55529,
41050,
92949,
69055,
28981,
83730,
30352,
81629,
71283,
91069,
16858,
66507,
49698,
96534,
88121,
41050,
74835,
31092,
78087,
58493,
64677,
33433,
78178,
64840,
83869,
74852,
15553,
53129,
25579,
66507,
71171,
47323,
88772,
83730,
25579,
99056,
25579,
60852,
23588,
71454,
64677,
18578,
16858,
76134,
14715,
19657,
39960,
12201,
69090,
48399,
79682,
16858,
83869,
63742,
63740,
48590,
66507,
20601,
82390,
64677,
77538,
99056,
29271,
84013,
48399,
64677,
48583,
63639,
52034,
40065,
34198,
74690,
80658,
40628,
59881,
25579,
41105,
64347,
78087,
21679,
34198,
39775,
15828,
87447,
19399,
23115,
44518,
91711,
30850,
81901,
92949,
33983,
37112,
91732,
33983,
12771,
33983,
81158,
45434,
69924,
95996,
92868,
13345,
70108,
42458,
32375,
47890,
39775,
64677,
61718,
92949,
44591,
35153,
14509,
47114,
45237,
60852,
80716,
22742,
44752,
76531,
53237,
20601,
98628,
64677,
99056,
73553,
58728,
92016,
50203,
78087,
72855,
33983,
99056,
73714,
77538,
44540,
48399,
74690,
11796,
55424,
10383,
82454,
22555,
80306,
61206,
33536,
27251,
99056,
86820,
56442,
77538,
14509,
41050,
60852,
19962,
24235,
15128,
39775,
51455,
67524,
77538,
83730,
41055,
11851,
14548,
46578,
32342,
41050,
82454,
99056,
68383,
92271,
30429,
14509,
47323,
84871,
48399,
18218,
19587,
92868,
88402,
39035,
42458,
20601,
75811,
77538,
41050,
93733,
23115,
52392,
26104,
92868,
52742,
18828,
82454,
22255,
99056,
99056,
20601,
36776,
41309,
58299,
92949,
75811,
75811,
98374,
48201,
14509,
74876,
48369,
48139,
77538,
45930,
81158,
40010,
66507,
82946,
47584,
77538,
82946,
66507,
20601,
74690,
12240,
93830,
33983,
82399,
36776,
60852,
41050,
21660,
77538,
33983,
82399,
47323,
98012,
77538,
64988,
99879,
66795,
14548,
15853,
14548,
70500,
92868,
92868,
44752,
53323,
64677,
83869,
41050,
20601,
75575,
57146,
60830,
99056,
70500,
31855,
48399,
53872,
99056,
50272,
34198,
48399,
74690,
27890,
33983,
25579,
97411,
47403,
88104,
81158,
89964,
13249,
20601,
39775,
45135,
74326,
64917,
14509,
39775,
91065,
51318,
23310,
35609,
97543,
65353,
55539,
48399,
92949,
82946,
85575,
65184,
32244,
97873,
50933,
85660,
14509,
83869,
39775,
60852,
28035,
70500,
95047,
39387,
32339,
49636,
43375,
32253,
14509,
82399,
64677,
82390,
82390,
77538,
78900,
33983,
28688,
86238,
42458,
39775,
75947,
84871,
45779,
82399,
82390,
18828,
85568,
75811,
36776,
18887,
82946,
48844,
16858,
99295,
70500,
18828,
90163,
64677,
82946,
78087,
78525,
21093,
99056,
33983,
83534,
51195,
98283,
28788,
82946,
82946,
18828,
32817,
24088,
75976,
14548,
28888,
26725,
75811,
58986,
14509,
71701,
66507,
42458,
75811,
83869,
57203,
44752,
99053,
66119,
25202,
50850,
81158,
35609,
79126,
14509,
92949,
14509,
31981,
82399,
60852,
49518,
60852,
83697,
11244,
66458,
47323,
75811,
78087,
20601,
14548,
41050,
41726,
48966,
27650,
41567,
34198,
83869,
64677,
44833,
25579,
85660,
75309,
88873,
83869,
44969,
39775,
83869,
81158,
82399,
16858,
99550,
33983,
36961,
84871,
74690,
41050,
96743,
11942,
25579,
72307,
85660,
82946,
67534,
50807,
95995,
47323,
40774,
77538,
24649,
37185,
98387,
28563,
42458,
70500,
12986,
82399,
59881,
62576,
74690,
81158,
58598,
38851,
33983,
70500,
55947,
36776,
95223,
25359,
47843,
32774,
29872,
31937,
18148,
60852,
78087,
11321,
99056,
20387,
92949,
55254,
83869,
36776,
76787,
74876,
99056,
20601,
92441,
74876,
63442,
66507,
27040,
18366,
76134,
82390,
74876,
63317,
13829,
50002,
98417,
75811,
83869,
14782,
35798,
74690,
25579,
25579,
66507,
35702,
92949,
74690,
95744,
66507,
30677,
37174,
33983,
92868,
91645,
49675,
28385,
39265,
50668,
33640,
48399,
82390,
29793,
81203,
71371,
45856,
30100,
92949,
25498,
91895,
16782,
84305,
83869,
88483,
83730,
65003,
83869,
59881,
76643,
82946,
37206,
15274,
66507,
48399,
48399,
93263,
70500,
99056,
34198,
93095,
37408,
15676,
61546,
32851,
20601,
53429,
43130,
25395,
93884,
12151,
84871,
20601,
63729,
95603,
75811,
42969,
92949,
52733,
45025,
34883,
62503,
71697,
47323,
20601,
48399,
82340,
82399,
86855,
12256,
14509,
62019,
67378,
14548,
65184,
10637,
14509,
92949,
14548,
83869,
84871,
48399,
34198,
91314,
33983,
74690,
20601,
42458,
48399,
63832,
74724,
57182,
77538,
92963,
39667,
39775,
42458,
13498,
49252,
46695,
11293,
98183,
39785,
73268,
20384,
47267,
77538,
85210,
83869,
85660,
78902,
33983,
74690,
64677,
82946,
77538,
64754,
70500,
13542,
99056,
82399,
27514,
14548,
49664,
84871,
31889,
40992,
77538,
48399,
70500,
68713,
78752,
84292,
67106,
77538,
52079,
78087,
14509,
67477,
40207,
84871,
93692,
17548,
81846,
48399,
20601,
60852,
75770,
15910,
26922,
35609,
84583,
89833,
78087,
48399,
79097,
82560,
63238,
24119,
78613,
42933,
47250,
55886,
34198,
71308,
14898,
34198,
51984,
47323,
50220,
71725,
15285,
18994,
45773,
84871,
70500,
48468,
82946,
38286,
35389,
69183,
75811,
94727,
82399,
24257,
74690,
43538,
66235,
39135,
82946,
54392,
42458,
18129,
25579,
17152,
31076,
64677,
91200,
80767,
27192,
77538,
37922,
28303,
38123,
40194,
10486,
23548,
23731,
25579,
24032,
30551,
77265,
28265,
14511,
17259,
99976,
79657,
75811,
85660,
76134,
89452,
11478,
68961,
14591,
74876,
99056,
97212,
20601,
47323,
46766,
26819,
76004,
39775,
81080,
33983,
10011,
47114,
41050,
98329,
16858,
70500,
60852,
78087,
46480,
86389,
34198,
33983,
67002,
76134,
37529,
41050,
84871,
66507,
75811,
92868,
10336,
82390,
92949,
47323,
33983,
64800,
42458,
79554,
84562,
99056,
14548,
46910,
43853,
82399,
98636,
14548,
97143,
94651,
16858,
36776,
66507,
34198,
14548,
13014,
38328,
38963,
75811,
25579,
16858,
32232,
66507,
10519,
73513,
72227,
75811