40093
52116
92289
41562
56596
60656
85569
56064
78473
71098
34301
11679
17161
85766
43221
84191
86348
15973
62581
46479
49082
26320
29704
76668
97343
22363
43056
89095
54593
16495
16314
12069
92868
51047
39149
58186
68900
73787
11008
88294
59036
89458
44459
71138
91078
35004
50559
66444
11232
17698
90636
93141
19091
19172
58874
63422
71779
29251
59507
28082
81354
64677
83117
83176
94113
52984
60852
70826
78105
58174
33788
76420
58846
99978
59286
73876
95913
84343
19461
75440
51620
18455
49880
59055
52463
17561
99616
14299
15277
78080
74952
96717
56733
96631
87668
41412
23477
44725
98493
20039
52538
66798
34218
47567
36510
49295
81087
29531
93598
89572
61225
61072
10264
83306
26931
66856
77171
82795
83223
65967
58066
27834
25579
28692
11012
72685
38199
10539
16593
38237
72786
32313
52508
11855
74688
11005
62910
96647
78555
43117
15523
97187
36315
23468
30968
19615
74602
73139
50051
67224
82944
59462
43723
38654
16886
63075
57785
40158
86881
30167
94820
22334
14548
17266
86021
40757
33143
20280
87781
26819
72491
92949
42736
22359
61693
43533
25696
65616
36054
42977
69417
87318
92610
45365
86779
14579
60405
44986
23480
89421
21806
52892
70220
61431
50738
69704
11550
14652
84763
19434
46701
59881
27461
45302
41508
22493
59432
19203
13873
50129
68726
58261
33786
28930
90685
33864
57145
26464
68278
77997
44062
21927
18477
79581
80694
25321
52649
90145
74889
54270
35727
15294
85414
96076
71256
10676
72270
50819
12265
32263
59540
51352
41309
62864
66302
30555
27202
31789
33931
43211
58068
88234
41093
25978
62260
79992
73963
82399
65761
73650
67580
30712
47251
14690
40661
57024
83265
30599
62075
16880
65360
80772
71793
65838
75317
91237
45706
40979
85660
59297
19491
93933
15983
89736
94737
36638
61393
48771
18257
20282
63971
82136
76238
12348
75727
74690
62000
70268
25442
19583
30198
92523
41673
63727
99874
17734
67539
27827
85888
39815
87479
19468
62802
17042
97478
91504
12206
60625
68125
76851
71418
49663
74525
16445
23115
43805
23987
97166
66667
25224
14283
23860
55047
33483
46371
61794
73994
89732
91398
53466
71483
37973
73311
75811
47323
14894
69524
47031
90970
63356
94930
11958
70225
54004
38940
64229
31007
47598
67006
14053
22130
52662
90265
76933
97372
37506
95322
79868
53248
62805
23744
61451
97547
57869
18762
85116
30253
51490
93571
82324
15876
98689
58482
46791
19737
96326
84002
58134
22480
38400
44697
39029
64036
70099
64298
75002
74189
71830
20634
28132
39721
42377
31938
69489
85821
99561
48526
56403
44681
66331
55355
13055
19924
66685
48102
82465
71383
56959
14191
44211
71987
90171
86103
58358
95929
61263
85629
27123
49571
48423
77568
30307
26593
63774
34219
46570
81977
37667
51726
79065
12566
47129
15690
65407
15616
48600
10560
97954
82816
21080
50858
23473
15892
48662
80275
29557
98179
31380
32509
47507
14499
30225
10523
26212
75480
39238
72659
16153
84491
21986
45235
36826
81864
36530
77200
28862
32409
62293
49824
17225
36613
14509
15817
41050
39775
43739
61247
63738
33983
64597
71103
71398
22173
60653
36992
81015
47734
80902
87864
38244
29882
52462
32631
75506
57329
59692
96122
15648
84871
52035
56139
23570
45229
49230
43992
27830
59731
46675
92967
66156
88364
78551
30811
70614
90717
55058
44051
64927
49819
60637
39414
17389
64213
59410
13818
92128
51617
24038
27701
69109
58966
97822
11608
54721
82390
74050
24975
65184
86918
39689
42613
36553
29409
38411
74217
49406
48399
23113
27648
68536
24478
47443
65002
39425
90357
22233
30879
32543
10846
54046
52241
10489
41617
35875
49261
94437
51892
93758
51980
60102
88904
48746
96262
40462
48596
22535
66411
17789
77538
78864
50308
17302
54009
20240
63099
83730
68950
56969
44752
46361
67945
84812
71664
30688
69583
42705
52830
92038
58830
20289
90054
50083
23455
39077
63876
99099
45800
84658
11492
69168
67296
13813
92808
84503
18828
32707
55820
33005
73061
19054
78887
19619
35642
36776
81224
11879
58978
22529
61935
50816
33682
38393
78266
90228
76218
24323
64551
50491
75183
72455
65576
74501
70394
45031
71298
39461
90599
47383
13945
72316
15939
10916
35056
62359
78590
92379
80299
74966
33641
67166
84765
54913
12611
51870
52445
45849
86338
92006
50583
74876
70624
59261
88733
54460
53613
97694
95663
26473
40270
46222
95182
23140
90286
86386
59163
96423
46985
14675
16896
93798
26151
73163
83869
69538
37269
22632
95441
60228
68468
32826
54253
19420
83600
48235
35863
12714
37577
52156
89787
55234
77354
92894
90313
89696
78863
74209
19119
50875
59105
19701
97013
74874
13072
26040
68941
40577
72257
92704
86756
98430
26966
16927
35609
78098
18167
58015
81931
49521
46341
78433
57458
99685
45419
65861
68450
62056
54186
41397
81636
10156
66507
10449
25260
56273
72118
46568
35379
43442
39630
42458
96566
93221
60052
75896
48327
99056
35825
67034
58052
81935
68309
29467
81780
15435
56094
66162
49424
68971
49573
38233
28539
81461
41294
80807
28523
77948
99082
62025
31124
79194
42399
13186
28715
80818
95677
54022
59765
71123
68338
61896
80220
35386
68472
35762
65759
89258
14169
35100
18373
92327
82838
18360
23226
95070
90965
95800
81158
65255
55146
15386
35641
32239
67865
12085
36183
15634
10213
49133
62742
44488
80177
36456
17886
16848
63558
80693
58141
18871
12337
85828
66791
61927
33262
84613
61329
68334
29180
74547
30126
47114
91932
83733
44682
41248
80289
96902
70500
32021
69816
90312
70860
58150
28666
22840
73856
16834
95849
50639
18034
37593
16969
25361
44542
83608
89690
50794
24678
71907
67184
18053
34198
40615
20601
49792
14962
60661
86402
74429
77077
87427
77069
70943
12652
81772
49018
82454
25941
26834
39061
81312
45191
15592
56099
82946
88629
52145
85441
99765
16858
21960
76134
17661
52906
98309
52834
41920
98535
14360
33090
98221
21435
38709
82046
35896
88325
46034
78651
44754
96572
36652
70602
61978
21271
78087
34304
35660
61005
93439
21320
75069
95371
38868
76194
14556
42860
57043
68751
86231
27619
55090
29964
33770
58338
12707
72652
84020
87355
74652
92233
50620
42266
22399
24230
58300
80961
71108
65385
26147
38754
75343
25435
64377
62563
10637
38486
73551
91378
22000
56966
98526
41765
10761
15597
42585
51350
59321
98441
15716
20341
13497